2 0.44453125 0.3293269230769231 0.04296875 0.10697115384615384
2 0.54140625 0.34134615384615385 0.03125 0.10576923076923077
2 0.44296875 0.609375 0.06484375 0.22956730769230768
2 0.340625 0.5661057692307693 0.065625 0.21634615384615385
2 0.30546875 0.46274038461538464 0.05546875 0.15384615384615385
2 0.15625 0.39783653846153844 0.04609375 0.10096153846153846
2 0.11171875 0.40384615384615385 0.05 0.08052884615384616
2 0.565625 0.21514423076923078 0.02890625 0.056490384615384616
1 0.45859375 0.18629807692307693 0.03984375 0.055288461538461536
1 0.3625 0.32572115384615385 0.090625 0.14543269230769232
1 0.334375 0.8413461538461539 0.21171875 0.3161057692307692
1 0.0390625 0.4254807692307692 0.07734375 0.14423076923076922