2 0.4859375 0.23677884615384615 0.02734375 0.0733173076923077
2 0.5390625 0.2668269230769231 0.02421875 0.0829326923076923
2 0.63828125 0.45913461538461536 0.04921875 0.171875
2 0.7515625 0.8389423076923077 0.090625 0.2920673076923077
2 0.721875 0.328125 0.03671875 0.09735576923076923
2 0.88671875 0.4098557692307692 0.0453125 0.07692307692307693
2 0.92890625 0.4543269230769231 0.06171875 0.11899038461538461
1 0.5671875 0.19591346153846154 0.0421875 0.055288461538461536
1 0.63984375 0.2403846153846154 0.06484375 0.10576923076923077
1 0.7984375 0.3954326923076923 0.13984375 0.19951923076923078
1 0.9453125 0.6754807692307693 0.109375 0.3473557692307692
1 0.9765625 0.4254807692307692 0.046875 0.14423076923076922