2 0.55546875 0.3293269230769231 0.04296875 0.10697115384615384
2 0.45859375 0.34134615384615385 0.03125 0.10576923076923077
2 0.55703125 0.609375 0.06484375 0.22956730769230768
2 0.659375 0.5661057692307693 0.065625 0.21634615384615385
2 0.69453125 0.46274038461538464 0.05546875 0.15384615384615385
2 0.84375 0.39783653846153844 0.04609375 0.10096153846153846
2 0.88828125 0.40384615384615385 0.05 0.08052884615384616
2 0.434375 0.21514423076923078 0.02890625 0.056490384615384616
1 0.54140625 0.18629807692307693 0.03984375 0.055288461538461536
1 0.6375 0.32572115384615385 0.090625 0.14543269230769232
1 0.665625 0.8413461538461539 0.21171875 0.3161057692307692
1 0.9609375 0.4254807692307692 0.07734375 0.14423076923076922