0 0.5703125 0.2920673076923077 0.0453125 0.08653846153846154
2 0.43515625 0.265625 0.0265625 0.08173076923076923
2 0.52421875 0.3425480769230769 0.0375 0.10697115384615384
2 0.63203125 0.37259615384615385 0.0390625 0.13701923076923078
2 0.75625 0.45072115384615385 0.071875 0.17067307692307693
2 0.8578125 0.4675480769230769 0.071875 0.1346153846153846
2 0.94296875 0.43028846153846156 0.04765625 0.11778846153846154
2 0.52734375 0.2439903846153846 0.021875 0.09134615384615384
1 0.57421875 0.21634615384615385 0.04375 0.08653846153846154
1 0.684375 0.31850961538461536 0.11015625 0.15504807692307693
1 0.8296875 0.4026442307692308 0.13359375 0.18990384615384615