0 0.8921875 0.5192307692307693 0.103125 0.16706730769230768
1 0.63984375 0.7704326923076923 0.2125 0.4579326923076923
1 0.6453125 0.3545673076923077 0.10859375 0.15745192307692307
1 0.78828125 0.37740384615384615 0.13125 0.203125
1 0.9390625 0.4254807692307692 0.12109375 0.1658653846153846
1 0.58125 0.2512019230769231 0.0609375 0.0985576923076923
2 0.50234375 0.5192307692307693 0.053125 0.18629807692307693
2 0.42578125 0.9134615384615384 0.0828125 0.171875
2 0.81875 0.8990384615384616 0.09296875 0.20192307692307693
2 0.5359375 0.25600961538461536 0.02890625 0.09735576923076923
2 0.47578125 0.24759615384615385 0.03203125 0.078125