2 0.5703125 0.35096153846153844 0.0453125 0.12740384615384615
2 0.54609375 0.30288461538461536 0.0265625 0.10096153846153846
2 0.84140625 0.3918269230769231 0.0484375 0.10817307692307693
2 0.6546875 0.3233173076923077 0.03359375 0.09495192307692307
2 0.63828125 0.28125 0.0296875 0.08413461538461539
2 0.6703125 0.2800480769230769 0.03203125 0.07692307692307693
2 0.97421875 0.6947115384615384 0.0515625 0.21394230769230768
0 0.89453125 0.5216346153846154 0.08203125 0.14182692307692307
1 0.94765625 0.42788461538461536 0.1046875 0.16105769230769232
1 0.74453125 0.39663461538461536 0.1390625 0.18509615384615385
1 0.590625 0.27163461538461536 0.06171875 0.12740384615384615
1 0.43515625 0.23918269230769232 0.0609375 0.08052884615384616