2 0.5140625 0.23677884615384615 0.02734375 0.0733173076923077
2 0.4609375 0.2668269230769231 0.02421875 0.0829326923076923
2 0.36171875 0.45913461538461536 0.04921875 0.171875
2 0.2484375 0.8389423076923077 0.090625 0.2920673076923077
2 0.278125 0.328125 0.03671875 0.09735576923076923
2 0.11328125 0.4098557692307692 0.0453125 0.07692307692307693
2 0.07109375 0.4543269230769231 0.06171875 0.11899038461538461
1 0.4328125 0.19591346153846154 0.0421875 0.055288461538461536
1 0.36015625 0.2403846153846154 0.06484375 0.10576923076923077
1 0.2015625 0.3954326923076923 0.13984375 0.19951923076923078
1 0.0546875 0.6754807692307693 0.109375 0.3473557692307692
1 0.0234375 0.4254807692307692 0.046875 0.14423076923076922