1 0.475 0.5264423076923077 0.11953125 0.2800480769230769
0 0.23984375 0.578125 0.11171875 0.22596153846153846
2 0.55859375 0.28365384615384615 0.02890625 0.07932692307692307
2 0.52265625 0.2644230769230769 0.0328125 0.07091346153846154
2 0.41015625 0.3137019230769231 0.034375 0.10576923076923077
2 0.45390625 0.24759615384615385 0.0375 0.0829326923076923
2 0.40859375 0.24879807692307693 0.02734375 0.07091346153846154
2 0.440625 0.19831730769230768 0.0265625 0.06490384615384616
2 0.56015625 0.22355769230769232 0.03125 0.06971153846153846
3 0.25546875 0.3425480769230769 0.13203125 0.20793269230769232
2 0.15390625 0.3918269230769231 0.05078125 0.09134615384615384