1 0.5046875 0.8485576923076923 0.1875 0.30288461538461536
1 0.64375 0.35216346153846156 0.109375 0.17668269230769232
1 0.62265625 0.2548076923076923 0.075 0.09615384615384616
1 0.53359375 0.18990384615384615 0.05078125 0.07211538461538461
1 0.92421875 0.4326923076923077 0.1265625 0.1346153846153846
2 0.60234375 0.4519230769230769 0.065625 0.1622596153846154
2 0.51015625 0.28725961538461536 0.02890625 0.09735576923076923
2 0.78046875 0.5444711538461539 0.0703125 0.23076923076923078
2 0.74296875 0.3581730769230769 0.053125 0.11298076923076923
2 0.82578125 0.4483173076923077 0.059375 0.1310096153846154
0 0.89453125 0.5192307692307693 0.08828125 0.13581730769230768